P > 0.05
(modll{i}.Coefficients.Estimate(2) <0) && (modll{i}.Coefficients.pValue(2) >0.05)

0     0     0     0     0     0     0     0     0     0     0     0     0     0
0     0     0     0     0     0     0     0     0     0     0     0     0     0
0     0     0     0     0     0     0     0     0     0     0     0     0     0
0     0     0     0     0     0     0     0     0     0     0     0     0     0
0     0     0     0     0     0     0     0     0     0     0     0     0     0
0     1     1     1     0     0     0     0     0     0     0     0     0     0
1     1     1     1     1     1     1     0     0     0     0     0     0     0
1     1     1     1     0     0     0     0     0     0     0     0     0     0
2     2     2     2     1     0     1     1     1     0     0     0     0     0
2     2     2     2     2     2     2     2     1     1     1     1     1     1
1     1     1     2     1     0     1     1     1     1     1     1     1     1
2     2     2     2     1     0     0     0     0     0     0     0     0     0
3     3     4     4     4     4     4     3     4     4     4     4     3     3
2     2     2     2     2     1     1     0     1     1     0     0     1     2
